------------------------------------------------------------------------------------------------------------------------
	      L-band				        C-band				          S-band
------------------------------------------------------------------------------------------------------------------------
    100 GHz		50 GHz		     100 GHz		   50 GHz	       100 GHz		     50 GHz
---------------     ---------------      ---------------      ---------------      ---------------      ----------------
THz     nm	    THz     nm		 THz     nm	      THz     nm	   THz     nm	        THz     nm
------------------------------------------------------------------------------------------------------------------------
188.00  1594.64     180.05  1665.05      193.00  1553.33      193.05  1552.93      198.00  1514.10      198.05  1513.72    
188.10  1593.79     180.15  1664.13      193.10  1552.52      193.15  1552.12      198.10  1513.34      198.15  1512.96    
188.20  1592.95     180.25  1663.20      193.20  1551.72      193.25  1551.32      198.20  1512.58      198.25  1512.19    
188.30  1592.10     180.35  1662.28      193.30  1550.92      193.35  1550.52      198.30  1511.81      198.35  1511.43    
188.40  1591.26     180.45  1661.36      193.40  1550.12      193.45  1549.72      198.40  1511.05      198.45  1510.67    
188.50  1590.41     180.55  1660.44      193.50  1549.32      193.55  1548.91      198.50  1510.29      198.55  1509.91    
188.60  1589.57     180.65  1659.52      193.60  1548.51      193.65  1548.11      198.60  1509.53      198.65  1509.15    
188.70  1588.73     180.75  1658.60      193.70  1547.72      193.75  1547.32      198.70  1508.77      198.75  1508.39    
188.80  1587.88     180.85  1657.69      193.80  1546.92      193.85  1546.52      198.80  1508.01      198.85  1507.63    
188.90  1587.04     180.95  1656.77      193.90  1546.12      193.95  1545.72      198.90  1507.25      198.95  1506.87    
189.00  1586.20     181.05  1655.85      194.00  1545.32      194.05  1544.92      199.00  1506.49      199.05  1506.12    
------------------------------------------------------------------------------------------------------------------------
